0000000000
1111111111
2222222222
3333333333
4444444444
5555555555
6666666666
7777777777
8888888888
9999999999
0696529008
3001771924
9889674563
9337734764
0135970937
1293290085
6595611718
4529519035
4378565483
2477344937
1041854792
9803277401
4402729190
0212152322
8704061309
5280733010
9271257875
0328651577
2028964236
3406930405
8713780355
5284295986
8000941117
7743037300
8929046337
7926899203
2806123509
5334460816
2732667485
6197089784
9590494862
3606266057
7180413144
3236567532
8876725787
3948461138
8241402786
6777915799
9145492784
7326821051
2593703200
9845529045
8401763586
8439378704
2418646878
4015325982
0865176526
9529710737
2058986957
6679471402
1126555497
2834868185
0407020464
1513100070
5431667655
1015889626
0444275086
6316789431
4059566297
8901042257
2293346346
8107366504
2162951721
7359206763
5276748751
6245670394
3023031598
4048758545
6916561957
7392864574
7578330457
3666586492
5711063314
2491157617
7738294627
3797622881
4954078576
4592466409
5234718290
5444070153
7010744338
6744471489
4762516058
1926127512
9496966821
6902091351
1541961313
3347741663
6704715820
6717693950
0482675999
6501868997
2644968284
9686989376
7938678331
5717688679
9077191755
5238039947
4141014200
4928295219